2000, 2017, 2034, 2052, 2069, 2087, 2104, 2121, 2139, 2156, 2173, 2190, 2207, 2224, 2241,
2258, 2275, 2292, 2309, 2325, 2342, 2358, 2374, 2390, 2406, 2422, 2438, 2453, 2469, 2484,
2500, 2515, 2529, 2544, 2559, 2573, 2587, 2601, 2615, 2629, 2642, 2656, 2669, 2681, 2694,
2707, 2719, 2731, 2743, 2754, 2766, 2777, 2788, 2798, 2809, 2819, 2829, 2838, 2848, 2857,
2866, 2874, 2882, 2891, 2898, 2906, 2913, 2920, 2927, 2933, 2939, 2945, 2951, 2956, 2961,
2965, 2970, 2974, 2978, 2981, 2984, 2987, 2990, 2992, 2994, 2996, 2997, 2998, 2999, 2999,
3000, 2999, 2999, 2998, 2997, 2996, 2994, 2992, 2990, 2987, 2984, 2981, 2978, 2974, 2970,
2965, 2961, 2956, 2951, 2945, 2939, 2933, 2927, 2920, 2913, 2906, 2898, 2891, 2882, 2874,
2866, 2857, 2848, 2838, 2829, 2819, 2809, 2798, 2788, 2777, 2766, 2754, 2743, 2731, 2719,
2707, 2694, 2681, 2669, 2656, 2642, 2629, 2615, 2601, 2587, 2573, 2559, 2544, 2529, 2515,
2500, 2484, 2469, 2453, 2438, 2422, 2406, 2390, 2374, 2358, 2342, 2325, 2309, 2292, 2275,
2258, 2241, 2224, 2207, 2190, 2173, 2156, 2139, 2121, 2104, 2087, 2069, 2052, 2034, 2017,
2000, 1982, 1965, 1947, 1930, 1912, 1895, 1878, 1860, 1843, 1826, 1809, 1792, 1775, 1758,
1741, 1724, 1707, 1690, 1674, 1657, 1641, 1625, 1609, 1593, 1577, 1561, 1546, 1530, 1515,
1500, 1484, 1470, 1455, 1440, 1426, 1412, 1398, 1384, 1370, 1357, 1343, 1330, 1318, 1305,
1292, 1280, 1268, 1256, 1245, 1233, 1222, 1211, 1201, 1190, 1180, 1170, 1161, 1151, 1142,
1133, 1125, 1117, 1108, 1101, 1093, 1086, 1079, 1072, 1066, 1060, 1054, 1048, 1043, 1038,
1034, 1029, 1025, 1021, 1018, 1015, 1012, 1009, 1007, 1005, 1003, 1002, 1001, 1000, 1000,
1000, 1000, 1000, 1001, 1002, 1003, 1005, 1007, 1009, 1012, 1015, 1018, 1021, 1025, 1029,
1034, 1038, 1043, 1048, 1054, 1060, 1066, 1072, 1079, 1086, 1093, 1101, 1108, 1117, 1125,
1133, 1142, 1151, 1161, 1170, 1180, 1190, 1201, 1211, 1222, 1233, 1245, 1256, 1268, 1280,
1292, 1305, 1318, 1330, 1343, 1357, 1370, 1384, 1398, 1412, 1426, 1440, 1455, 1470, 1484,
1500, 1515, 1530, 1546, 1561, 1577, 1593, 1609, 1625, 1641, 1657, 1674, 1690, 1707, 1724,
1741, 1758, 1775, 1792, 1809, 1826, 1843, 1860, 1878, 1895, 1912, 1930, 1947, 1965, 1982,
2000